  4.5598515e-001  7.4545216e-001  8.8293758e-001  9.4435833e-001  6.5643575e-002  5.5696871e-001  1.3409855e+000  2.6546614e-001  1.3302426e+000  1.3864609e+000  9.8552158e-001
  4.4897506e-001  7.1851260e-001  8.7953261e-001  9.1504778e-001  7.3953881e-002  5.6719226e-001  1.3189644e+000  2.7985053e-001  1.3144236e+000  1.3841239e+000  9.8052694e-001
  4.3976193e-001  7.0957055e-001  8.6586756e-001  8.9975832e-001  8.2914625e-002  5.5884420e-001  1.3161579e+000  2.9318120e-001  1.2891277e+000  1.3648129e+000  9.8575247e-001
  4.1401598e-001  6.8632058e-001  8.3553705e-001  8.9403650e-001  1.0357790e-001  5.5522642e-001  1.2859763e+000  2.9635770e-001  1.2801178e+000  1.3660250e+000  1.0058781e+000
  3.9639952e-001  6.6486578e-001  8.3835033e-001  8.6397864e-001  1.2103020e-001  5.6550029e-001  1.2601119e+000  3.2741521e-001  1.2636084e+000  1.3553128e+000  1.0014007e+000
  4.2252425e-001  6.3642800e-001  8.0100779e-001  8.3525747e-001  1.5634332e-001  5.7690198e-001  1.2391319e+000  3.2496900e-001  1.2391613e+000  1.3444108e+000  1.0193109e+000
  3.7923387e-001  6.1583631e-001  7.7954771e-001  8.3718007e-001  1.5876688e-001  5.7813354e-001  1.2118129e+000  3.4040736e-001  1.2216802e+000  1.3493808e+000  1.0236007e+000
  3.5901995e-001  5.7309778e-001  7.6666183e-001  7.9219150e-001  1.8352471e-001  5.8659762e-001  1.2183317e+000  3.6141951e-001  1.2321298e+000  1.3509535e+000  1.0423277e+000
  3.5703755e-001  5.5437995e-001  7.3035748e-001  7.8422539e-001  2.1340213e-001  5.8497507e-001  1.1724056e+000  3.8355153e-001  1.2043997e+000  1.3398693e+000  1.0578486e+000
  3.5214443e-001  5.0916139e-001  7.0864069e-001  7.6522595e-001  2.1275743e-001  6.0065370e-001  1.1721374e+000  4.0125514e-001  1.1977025e+000  1.3189410e+000  1.0928095e+000
  3.2172933e-001  5.1714188e-001  7.0691287e-001  7.2329103e-001  2.6172071e-001  6.2143903e-001  1.1439013e+000  4.2434546e-001  1.1832334e+000  1.3562754e+000  1.0906164e+000
  2.9454299e-001  4.9869399e-001  6.7876776e-001  7.0389013e-001  2.9282295e-001  6.4200289e-001  1.1603308e+000  4.7321950e-001  1.1649116e+000  1.3539605e+000  1.1230068e+000
  2.8672849e-001  4.3917108e-001  6.6123827e-001  7.0099286e-001  3.0401520e-001  6.6464486e-001  1.1547472e+000  4.9509200e-001  1.1747893e+000  1.3580473e+000  1.1589784e+000
  2.6515889e-001  3.9083957e-001  6.6343744e-001  6.6377516e-001  3.2460052e-001  6.7479045e-001  1.1163774e+000  5.1528531e-001  1.1655098e+000  1.3474825e+000  1.1861393e+000
  2.5613343e-001  3.7841998e-001  6.1578286e-001  6.3996918e-001  3.6921750e-001  6.7864323e-001  1.1127127e+000  5.3211409e-001  1.1598861e+000  1.3637946e+000  1.2288257e+000
  2.4629187e-001  3.6016638e-001  6.1690650e-001  6.3693815e-001  3.8086551e-001  7.2139840e-001  1.1043393e+000  5.7375156e-001  1.1315979e+000  1.3957494e+000  1.2560686e+000
  2.3304877e-001  3.2578689e-001  5.8068016e-001  6.1508066e-001  4.2517762e-001  7.3410826e-001  1.1144320e+000  6.0514390e-001  1.1456658e+000  1.3896312e+000  1.2676064e+000
  2.1288968e-001  3.0834116e-001  5.8636959e-001  6.0621410e-001  4.4657860e-001  7.4485617e-001  1.1073188e+000  6.2953030e-001  1.1403770e+000  1.4057211e+000  1.3275883e+000
  1.9566167e-001  2.4851283e-001  5.4050497e-001  5.9144913e-001  4.9541725e-001  7.7026372e-001  1.1022474e+000  6.5705294e-001  1.1544774e+000  1.4164861e+000  1.3337665e+000
  1.8337307e-001  2.4090638e-001  5.6035596e-001  5.6558091e-001  4.7733528e-001  7.9911872e-001  1.0837184e+000  6.7767160e-001  1.1566816e+000  1.4405484e+000  1.3775448e+000
  1.8977273e-001  2.1800887e-001  5.3673395e-001  5.6242210e-001  5.1862349e-001  8.1098042e-001  1.0926769e+000  7.0666542e-001  1.1313562e+000  1.4518414e+000  1.3956715e+000
  1.5544764e-001  2.2054508e-001  5.3506942e-001  5.3743239e-001  5.4706688e-001  8.3337105e-001  1.0934012e+000  7.2921612e-001  1.1447118e+000  1.4423276e+000  1.4199432e+000
  1.5946311e-001  2.0051878e-001  5.1370606e-001  5.5425584e-001  5.6651309e-001  8.5154206e-001  1.0700690e+000  7.5789062e-001  1.1608866e+000  1.4655819e+000  1.4507831e+000
  1.4282573e-001  1.8105862e-001  5.2782559e-001  5.3815014e-001  5.7457227e-001  8.3245273e-001  1.0931569e+000  7.7991080e-001  1.1646881e+000  1.4726647e+000  1.4852684e+000
  1.1837678e-001  1.6600103e-001  4.9252741e-001  5.2464623e-001  5.9759524e-001  8.6238390e-001  1.0869648e+000  8.1384024e-001  1.1619962e+000  1.5033557e+000  1.5011725e+000
  1.2730880e-001  1.5227043e-001  4.7166365e-001  5.1914534e-001  6.1384289e-001  8.4118090e-001  1.0642753e+000  8.2128175e-001  1.1702337e+000  1.4754093e+000  1.5014970e+000
  1.2963473e-001  1.5486550e-001  4.9127394e-001  4.9579653e-001  6.3143340e-001  8.6225594e-001  1.0699241e+000  8.2127430e-001  1.1713284e+000  1.4987763e+000  1.5271537e+000
  1.2005725e-001  1.6268857e-001  4.7233529e-001  5.0476222e-001  6.2387485e-001  8.5919730e-001  1.0689842e+000  8.4157326e-001  1.1717596e+000  1.4964584e+000  1.5314246e+000
  9.6399878e-002  1.3640309e-001  4.8292068e-001  5.0795919e-001  6.4413726e-001  8.6771715e-001  1.0793491e+000  8.5876752e-001  1.1812094e+000  1.5041957e+000  1.5502891e+000
  1.0751062e-001  1.2785767e-001  4.7297300e-001  5.0577992e-001  6.3582833e-001  8.6549579e-001  1.0615146e+000  8.6977148e-001  1.2088099e+000  1.5228970e+000  1.5619199e+000
  1.0791749e-001  1.3918411e-001  4.5316833e-001  5.1757831e-001  6.3840036e-001  8.9593241e-001  1.0605546e+000  8.8662095e-001  1.1901211e+000  1.5349214e+000  1.5838784e+000
  7.9914275e-002  1.3887803e-001  4.7966127e-001  5.2708927e-001  6.3829237e-001  8.8691800e-001  1.0858097e+000  9.2498865e-001  1.2301095e+000  1.5400279e+000  1.6036558e+000
  8.5234811e-002  1.4723162e-001  4.4904471e-001  5.1460415e-001  6.5210156e-001  8.9464258e-001  1.0991875e+000  9.3475032e-001  1.2406770e+000  1.5385593e+000  1.6096931e+000
  9.1912148e-002  1.8364586e-001  4.7068902e-001  5.2946716e-001  6.5453015e-001  9.0812273e-001  1.0943219e+000  9.5067648e-001  1.2503969e+000  1.5323091e+000  1.6340403e+000
  9.7466402e-002  1.6258917e-001  4.8777908e-001  5.3204806e-001  6.6180359e-001  9.0550909e-001  1.1166004e+000  9.6847459e-001  1.2827114e+000  1.5730931e+000  1.6371209e+000
  9.3224208e-002  1.6938405e-001  4.7910769e-001  5.5364827e-001  6.7394049e-001  9.2212299e-001  1.1218375e+000  9.8415329e-001  1.2967616e+000  1.6015532e+000  1.6647435e+000
  1.0451033e-001  1.8154881e-001  4.9640317e-001  5.6406184e-001  6.7019404e-001  9.2318860e-001  1.1604989e+000  9.9529953e-001  1.3166407e+000  1.6208883e+000  1.6864245e+000
  1.0631087e-001  2.0035127e-001  5.0815589e-001  5.6318901e-001  6.8186294e-001  9.3714313e-001  1.1596367e+000  1.0242182e+000  1.3648529e+000  1.6330459e+000  1.7081256e+000
  1.0617821e-001  2.2186451e-001  4.9462334e-001  6.0117230e-001  6.7168914e-001  9.3046647e-001  1.1806883e+000  1.0448983e+000  1.3850132e+000  1.6506528e+000  1.7338752e+000
  1.0989729e-001  2.2235866e-001  5.0254887e-001  6.1642345e-001  6.7590579e-001  9.4130754e-001  1.1866083e+000  1.0483709e+000  1.4181299e+000  1.6860923e+000  1.7616032e+000
  1.1401960e-001  2.2964645e-001  5.2554554e-001  6.2175054e-001  6.6301921e-001  9.5331693e-001  1.2190582e+000  1.0711365e+000  1.4210788e+000  1.7018942e+000  1.7700940e+000
  1.2407216e-001  2.4878341e-001  5.2040823e-001  6.2676143e-001  6.7854703e-001  9.4673907e-001  1.2300082e+000  1.0835734e+000  1.4558837e+000  1.7042086e+000  1.7812057e+000
  1.2108064e-001  2.4992084e-001  5.5622795e-001  6.2947433e-001  6.7582725e-001  9.3233178e-001  1.2558376e+000  1.0928716e+000  1.4794068e+000  1.7232861e+000  1.7867721e+000
  1.1060539e-001  2.7718951e-001  5.7768194e-001  6.4890229e-001  6.6047353e-001  9.6483633e-001  1.2508271e+000  1.0884137e+000  1.4600561e+000  1.7216612e+000  1.7682785e+000
  1.3563881e-001  2.7288071e-001  5.4902087e-001  6.6443928e-001  6.5985240e-001  9.5260822e-001  1.2572003e+000  1.0608045e+000  1.4838939e+000  1.7528776e+000  1.8016551e+000
  1.4265179e-001  2.7394962e-001  5.4759218e-001  6.6470826e-001  6.4036238e-001  9.4940747e-001  1.2639326e+000  1.0629651e+000  1.4769365e+000  1.7336302e+000  1.7376765e+000
  1.2525977e-001  2.8383413e-001  5.5507297e-001  6.7658746e-001  6.3331946e-001  9.2818103e-001  1.2537304e+000  1.0294137e+000  1.4713106e+000  1.7204782e+000  1.7373077e+000
  1.5364068e-001  3.0442197e-001  5.6440733e-001  6.7410841e-001  6.2100817e-001  8.9551149e-001  1.2470032e+000  1.0176025e+000  1.4451157e+000  1.6847013e+000  1.7108073e+000
  1.6082879e-001  2.9008602e-001  5.5859163e-001  6.6973297e-001  5.7361232e-001  8.8388434e-001  1.2232236e+000  9.9898825e-001  1.4255760e+000  1.6391476e+000  1.6665827e+000
  1.3821937e-001  3.2498959e-001  5.4613207e-001  6.5595593e-001  5.7735677e-001  8.6290118e-001  1.2023939e+000  9.5614183e-001  1.3879561e+000  1.6036555e+000  1.6306659e+000
  1.5708526e-001  3.0959455e-001  5.4262222e-001  6.2496929e-001  5.5729775e-001  8.4924449e-001  1.1831337e+000  9.1500843e-001  1.3487277e+000  1.5746738e+000  1.5775880e+000
  1.3680178e-001  3.1116913e-001  5.4247349e-001  6.3528735e-001  5.1770114e-001  8.1117435e-001  1.1301641e+000  8.6847506e-001  1.3133963e+000  1.5212534e+000  1.4940326e+000
  1.6842871e-001  3.2672801e-001  5.1517430e-001  6.1268808e-001  4.9955172e-001  7.7738019e-001  1.0991488e+000  8.4017775e-001  1.2656094e+000  1.4571345e+000  1.4458500e+000
  1.6833959e-001  3.1100066e-001  5.0997339e-001  5.9030413e-001  4.6355180e-001  7.4224958e-001  1.0698642e+000  7.8824900e-001  1.2252739e+000  1.3814064e+000  1.3667702e+000
  1.6357563e-001  3.0141583e-001  4.8307568e-001  5.8003273e-001  4.3810757e-001  6.9999904e-001  1.0248018e+000  7.5819225e-001  1.1780909e+000  1.3536298e+000  1.2896978e+000
  1.5339007e-001  2.8713450e-001  4.8777031e-001  5.7490554e-001  4.1518514e-001  6.5873983e-001  9.7368667e-001  7.0408751e-001  1.1261311e+000  1.2670368e+000  1.2347300e+000
  1.6104845e-001  2.9419932e-001  4.7757204e-001  5.1645013e-001  3.7444065e-001  6.3071496e-001  9.3778259e-001  6.5985824e-001  1.0648134e+000  1.2170662e+000  1.1717723e+000
  1.4677425e-001  3.0104337e-001  4.5021741e-001  5.3398661e-001  3.5381492e-001  5.9686762e-001  9.1848643e-001  6.0997928e-001  1.0393456e+000  1.1637885e+000  1.1129165e+000
  1.4911281e-001  2.7776039e-001  4.3385067e-001  4.9876513e-001  3.3280474e-001  5.8020372e-001  8.7009554e-001  5.8919209e-001  9.7743963e-001  1.1109396e+000  1.0512424e+000
  1.3119827e-001  2.7080104e-001  4.3414505e-001  4.8612706e-001  3.2541282e-001  5.1364708e-001  8.3168790e-001  5.5009200e-001  9.5513112e-001  1.0491451e+000  1.0076214e+000
  1.4600523e-001  2.6884165e-001  4.0788376e-001  4.5482571e-001  2.9393811e-001  5.2412210e-001  7.9987964e-001  5.1476554e-001  8.8388581e-001  9.9799001e-001  9.5613972e-001
  1.5147444e-001  2.5555798e-001  3.9448488e-001  4.5632659e-001  2.8442683e-001  4.8093720e-001  7.6645503e-001  4.8264955e-001  8.4574960e-001  9.6137853e-001  9.0211499e-001
  1.4401308e-001  2.5953778e-001  3.8131965e-001  4.4525782e-001  2.4270516e-001  4.6811657e-001  7.2994708e-001  4.5952469e-001  8.2506609e-001  9.2493612e-001  8.5987059e-001
  1.2710997e-001  2.2949850e-001  3.5770547e-001  4.2771918e-001  2.5225434e-001  4.4536842e-001  7.0073165e-001  4.7163773e-001  7.9033420e-001  8.9772990e-001  8.2506115e-001
  1.2279637e-001  2.1511400e-001  3.4644842e-001  4.0591525e-001  2.4659232e-001  4.4454139e-001  6.9472740e-001  4.3961237e-001  7.7211614e-001  8.7685035e-001  8.1306295e-001
  1.1818724e-001  2.4427917e-001  3.3904721e-001  3.8165098e-001  2.5743176e-001  4.2581210e-001  6.5167288e-001  4.5338609e-001  7.5754357e-001  8.6264001e-001  7.9830482e-001
  8.9319107e-002  1.9627982e-001  3.1818926e-001  3.9102156e-001  2.5478370e-001  4.0431235e-001  6.4593260e-001  4.4380238e-001  7.2753857e-001  8.0926125e-001  7.6507047e-001
  1.0689247e-001  2.2280230e-001  3.2257885e-001  3.5468101e-001  2.4861306e-001  4.0195923e-001  6.4844103e-001  4.4644128e-001  7.1548147e-001  8.0227351e-001  7.6784108e-001
  1.1079125e-001  2.0252779e-001  2.9516393e-001  3.5332455e-001  2.4296065e-001  3.9620423e-001  6.3563285e-001  4.3585117e-001  7.1286367e-001  7.9505151e-001  7.6302747e-001
  9.8957195e-002  1.8675341e-001  3.0675457e-001  3.6261395e-001  2.2100072e-001  4.1471768e-001  6.2264098e-001  4.0595218e-001  6.9552447e-001  7.7221906e-001  7.5104664e-001
  9.6799031e-002  2.0539000e-001  3.0485977e-001  3.4787481e-001  2.5335659e-001  3.8148472e-001  6.0315305e-001  4.4936564e-001  6.8996575e-001  7.4461488e-001  7.4723537e-001
  8.5118261e-002  2.0535600e-001  2.8724003e-001  3.3953484e-001  2.3979239e-001  3.8791628e-001  5.7799541e-001  4.2097598e-001  6.8643219e-001  7.6198435e-001  7.2046268e-001
  8.4875880e-002  1.8699829e-001  2.8857517e-001  3.1944782e-001  2.3157845e-001  3.8993597e-001  5.6561198e-001  4.2934403e-001  6.7774939e-001  7.4332121e-001  7.2814308e-001
  7.8823603e-002  1.6986848e-001  2.6870037e-001  3.4387324e-001  2.1569178e-001  3.7594267e-001  5.4421475e-001  4.3227973e-001  6.5151863e-001  7.4460046e-001  6.9748660e-001
  8.0934339e-002  1.8573431e-001  2.4490874e-001  3.0994796e-001  2.2409430e-001  3.6904073e-001  5.5422427e-001  4.0852200e-001  6.5072323e-001  7.1925468e-001  6.8994480e-001
  6.7334694e-002  1.7108673e-001  2.5233918e-001  2.9682430e-001  2.2765446e-001  3.8716490e-001  5.4791457e-001  4.2675504e-001  6.5136453e-001  6.8266273e-001  6.9275060e-001
  6.8750047e-002  1.5865903e-001  2.3989160e-001  2.8502689e-001  2.2392382e-001  3.4205010e-001  5.1983776e-001  3.9660966e-001  6.2002433e-001  6.9535598e-001  6.8763349e-001
  7.4509020e-002  1.6977003e-001  2.2829710e-001  2.9404284e-001  2.0996317e-001  3.3724771e-001  5.2564844e-001  4.0226805e-001  5.9881869e-001  6.6718189e-001  6.4034858e-001
  8.9701078e-002  1.7245368e-001  2.3010412e-001  2.9989222e-001  1.9422753e-001  3.1872367e-001  4.9870784e-001  3.6711553e-001  5.9686175e-001  6.1381987e-001  6.1409009e-001
  8.7828097e-002  1.4605306e-001  2.3190871e-001  2.7660445e-001  1.9345813e-001  2.9537337e-001  4.8513937e-001  3.6081816e-001  5.4897011e-001  6.0126116e-001  5.8989039e-001
  7.0251288e-002  1.6281597e-001  2.2964859e-001  2.6261767e-001  1.9561871e-001  2.8938935e-001  4.4189485e-001  3.3691717e-001  5.3669057e-001  5.6764442e-001  5.6255179e-001
  7.0375516e-002  1.4320488e-001  2.1180598e-001  2.5741597e-001  1.8642349e-001  2.8806961e-001  4.3933731e-001  3.1090269e-001  4.9777937e-001  5.4492109e-001  5.2184634e-001
  6.7600640e-002  1.3241439e-001  2.0026330e-001  2.3244682e-001  1.4962831e-001  2.4924484e-001  4.0112130e-001  2.7550600e-001  4.7138564e-001  5.2119797e-001  4.9887180e-001
  3.6853156e-002  1.4922051e-001  1.9172930e-001  2.1148130e-001  1.3167515e-001  2.6021145e-001  3.7829934e-001  2.5597532e-001  4.6429553e-001  4.8317651e-001  4.6783581e-001
  5.2745565e-002  1.2212182e-001  1.8406288e-001  1.9750474e-001  1.1757455e-001  2.3211920e-001  3.4713093e-001  2.4053566e-001  3.9694197e-001  4.4800123e-001  4.1168898e-001
  4.9277256e-002  1.0229975e-001  1.8116178e-001  2.0077291e-001  1.1274643e-001  1.8401046e-001  3.1972434e-001  2.2196770e-001  3.7157611e-001  4.1869722e-001  4.0624459e-001
  6.5846641e-002  1.2017314e-001  1.6708461e-001  1.8541125e-001  8.9898710e-002  2.0021233e-001  3.0633131e-001  2.0087422e-001  3.4878460e-001  3.8938566e-001  3.6798661e-001
  4.7858947e-002  1.1196820e-001  1.6130430e-001  1.6912584e-001  9.3810218e-002  1.7040102e-001  2.8743886e-001  1.7871463e-001  3.1338742e-001  3.6331850e-001  3.2160566e-001
  4.2942957e-002  9.7566928e-002  1.2840280e-001  1.5722280e-001  6.1386883e-002  1.6913751e-001  2.4816611e-001  1.5835852e-001  2.9699220e-001  3.1629963e-001  2.8929745e-001
  3.6094943e-002  9.1689602e-002  1.2946946e-001  1.4431779e-001  5.3391694e-002  1.3224848e-001  2.3614790e-001  1.5297210e-001  2.7938185e-001  2.8133257e-001  2.6232186e-001
  3.5673881e-002  9.1417141e-002  1.0625278e-001  1.3425857e-001  5.3166639e-002  1.1600133e-001  2.0318747e-001  1.0230914e-001  2.3067818e-001  2.5236189e-001  2.3347548e-001
  3.0069840e-002  8.4789521e-002  1.1413261e-001  1.2298600e-001  5.8599264e-002  1.0599506e-001  1.9115589e-001  9.8700338e-002  2.1641780e-001  2.1872581e-001  2.0736325e-001
  5.3341983e-002  7.4778066e-002  8.3805320e-002  1.1459222e-001  4.0708148e-002  8.5217509e-002  1.6860616e-001  1.0458084e-001  1.7070610e-001  2.0282762e-001  1.6904897e-001
  4.8954043e-002  5.6369978e-002  8.1804447e-002  9.8725999e-002  4.3642395e-002  9.0845840e-002  1.3841579e-001  8.1968824e-002  1.6553854e-001  1.7925485e-001  1.3847548e-001
  5.3100033e-002  5.9864704e-002  7.8513788e-002  7.6639778e-002  2.3068217e-002  8.0655212e-002  1.2998621e-001  6.5136441e-002  1.5488710e-001  1.6163838e-001  1.1236662e-001
  2.9343037e-002  6.3424089e-002  7.6453350e-002  6.9867384e-002  2.1291287e-002  4.6488468e-002  1.1198172e-001  6.1540891e-002  1.2663365e-001  1.4733974e-001  1.2020756e-001
  3.7332720e-002  6.4597532e-002  7.7921871e-002  9.0160428e-002  1.2759847e-002  4.6276168e-002  1.0736709e-001  3.0011181e-002  1.0916388e-001  1.0859295e-001  1.0834120e-001
  2.9592970e-002  5.3698933e-002  5.5855399e-002  7.1051277e-002  1.7689163e-002  3.9881274e-002  8.5898605e-002  3.9124579e-002  9.6410625e-002  9.7283164e-002  9.8152359e-002
  1.0471366e-002  5.1438840e-002  5.2496556e-002  6.1027703e-002  3.3612360e-002  3.2579027e-002  6.3696382e-002  2.0317054e-002  8.8955509e-002  1.0450638e-001  6.5251993e-002
  2.4613524e-002  3.7349692e-002  6.7480994e-002  3.7436150e-002  2.7724644e-002  3.1802911e-002  7.3564260e-002  3.0966773e-002  7.0346137e-002  7.9394751e-002  6.8466692e-002
